      #IC_LIST         QM_V      MM_V    D(MM-QM) 
       N1-C4           1.347     1.414     0.067  
       N1-C5           1.402     1.405     0.003  
       N1-C9           1.490     1.492     0.002  
       C4-C6           1.421     1.416    -0.005  
       C4-C10          1.480     1.518     0.037  
       C5-C7           1.424     1.410    -0.014  
       C5-C11          1.411     1.415     0.004  
       C9-C17          1.522     1.534     0.012  
       C9-H25          1.090     1.099     0.009  
       C9-H26          1.088     1.099     0.011  
       N2-C15          1.379     1.391     0.012  
       N2-H40          1.013     1.002    -0.011  
       N2-H41          1.013     1.000    -0.013  
      C11-C15          1.391     1.398     0.007  
      C15-C18          1.419     1.384    -0.035  
       N3-C16          1.372     1.386     0.013  
       N3-H42          1.013     0.999    -0.013  
       N3-H43          1.012     1.001    -0.012  
      C12-C16          1.394     1.390    -0.004  
      C16-C19          1.423     1.386    -0.037  
       C6-C8           1.429     1.400    -0.028  
       C6-C12          1.412     1.411    -0.001  
      C10-C20          1.403     1.412     0.009  
      C10-C21          1.404     1.413     0.009  
       C7-C8           1.429     1.402    -0.026  
       C7-C13          1.419     1.412    -0.007  
      C11-H27          1.083     1.078    -0.005  
       C8-C14          1.415     1.414    -0.001  
      C12-H28          1.086     1.081    -0.005  
      C13-C18          1.373     1.393     0.019  
      C13-H29          1.085     1.078    -0.006  
      C14-C19          1.377     1.396     0.019  
      C14-H30          1.085     1.079    -0.006  
      C17-H31          1.091     1.111     0.020  
      C17-H32          1.094     1.113     0.019  
      C17-H33          1.091     1.111     0.020  
      C20-C22          1.396     1.401     0.005  
      C20-H36          1.088     1.083    -0.006  
      C21-C23          1.396     1.401     0.006  
      C21-H37          1.089     1.083    -0.006  
      C18-H34          1.088     1.083    -0.005  
      C19-H35          1.089     1.082    -0.007  
      C22-C24          1.397     1.400     0.002  
      C22-H38          1.087     1.082    -0.005  
      C23-C24          1.398     1.400     0.002  
      C23-H39          1.087     1.082    -0.005  
      C24-H44          1.087     1.082    -0.005  
      C4-N1-C5        122.547   115.832   -6.715  
      C4-N1-C9        118.934   121.471    2.537  
      C5-N1-C9        118.517   122.673    4.156  
      N1-C4-C6        120.976   123.180    2.204  
     N1-C4-C10        119.363   116.328   -3.035  
     C6-C4-C10        119.651   120.443    0.792  
      N1-C5-C7        118.357   122.361    4.004  
     N1-C5-C11        120.572   118.535   -2.037  
     C7-C5-C11        120.947   119.104   -1.843  
     N1-C9-C17        111.611   115.812    4.201  
     N1-C9-H25        106.901   103.472   -3.429  
     N1-C9-H26        106.882   106.470   -0.412  
     C17-C9-H25       112.888   113.004    0.116  
     C17-C9-H26       110.941   112.146    1.205  
     H25-C9-H26       107.300   104.977   -2.323  
     C15-N2-H40       116.555   112.735   -3.820  
     C15-N2-H41       117.054   114.418   -2.636  
     H40-N2-H41       112.676   119.082    6.406  
     N2-C15-C11       121.390   121.249   -0.141  
     N2-C15-C18       119.622   119.095   -0.527  
    C11-C15-C18       118.661   119.638    0.977  
     C16-N3-H42       117.509   113.106   -4.403  
     C16-N3-H43       117.553   112.435   -5.118  
     H42-N3-H43       113.609   119.643    6.034  
     N3-C16-C12       121.682   120.253   -1.429  
     N3-C16-C19       119.521   120.096    0.575  
    C12-C16-C19       118.550   119.648    1.098  
      C4-C6-C8        118.935   118.726   -0.209  
     C4-C6-C12        119.771   120.582    0.811  
     C8-C6-C12        121.129   120.692   -0.437  
     C4-C10-C20       119.843   120.517    0.674  
     C4-C10-C21       119.809   120.111    0.302  
    C20-C10-C21       120.252   119.232   -1.020  
      C5-C7-C8        120.059   120.020   -0.039  
     C5-C7-C13        116.884   118.681    1.797  
     C8-C7-C13        122.773   121.296   -1.477  
     C5-C11-C15       120.525   121.065    0.540  
     C5-C11-H27       121.619   124.859    3.240  
    C15-C11-H27       117.817   114.033   -3.784  
      C6-C8-C7        118.633   119.756    1.123  
     C6-C8-C14        117.263   117.652    0.389  
     C7-C8-C14        123.792   122.592   -1.200  
     C6-C12-C16       120.218   120.405    0.187  
     C6-C12-H28       119.882   122.315    2.433  
    C16-C12-H28       119.840   117.262   -2.578  
     C7-C13-C18       121.795   121.308   -0.487  
     C7-C13-H29       119.764   123.304    3.540  
    C18-C13-H29       118.312   115.382   -2.930  
     C8-C14-C19       121.201   121.266    0.065  
     C8-C14-H30       120.561   123.595    3.034  
    C19-C14-H30       118.121   115.139   -2.982  
     C9-C17-H31       110.067   111.254    1.187  
     C9-C17-H32       109.101   110.202    1.101  
     C9-C17-H33       112.147   111.653   -0.494  
    H31-C17-H32       108.119   107.544   -0.575  
    H31-C17-H33       108.774   108.198   -0.576  
    H32-C17-H33       108.539   107.833   -0.706  
    C10-C20-C22       119.629   120.182    0.553  
    C10-C20-H36       120.001   121.110    1.109  
    C22-C20-H36       120.359   118.708   -1.651  
    C10-C21-C23       119.625   120.172    0.547  
    C10-C21-H37       119.927   121.143    1.216  
    C23-C21-H37       120.447   118.685   -1.762  
    C13-C18-C15       120.915   120.200   -0.715  
    C13-C18-H34       119.715   119.328   -0.387  
    C15-C18-H34       119.320   120.470    1.150  
    C14-C19-C16       121.430   120.290   -1.140  
    C14-C19-H35       119.491   119.482   -0.009  
    C16-C19-H35       119.035   120.227    1.192  
    C20-C22-C24       120.178   120.064   -0.114  
    C20-C22-H38       119.718   120.214    0.496  
    C24-C22-H38       120.104   119.719   -0.385  
    C21-C23-C24       120.179   120.063   -0.116  
    C21-C23-H39       119.702   120.175    0.473  
    C24-C23-H39       120.118   119.759   -0.359  
    C22-C24-C23       120.117   120.243    0.126  
    C22-C24-H44       119.943   119.897   -0.046  
    C23-C24-H44       119.939   119.855   -0.084  
    N1-C4-C6-C8       -3.021     0.283    -2.738  
    N1-C4-C6-C12     -178.400  -179.802    1.402  
   N1-C4-C10-C20      -90.548   -87.694   -2.854  
   N1-C4-C10-C21      93.008    96.651     3.643  
    N1-C5-C7-C8        5.479    -0.607    -4.872  
    N1-C5-C7-C13      179.530   179.997    0.467  
   N1-C5-C11-C15     -179.459  -179.655    0.196  
   N1-C5-C11-H27      -1.769     2.870     1.101  
   N1-C9-C17-H31      -65.801   -63.900   -1.901  
   N1-C9-C17-H32      175.717   176.907    1.190  
   N1-C9-C17-H33      55.437    57.094     1.657  
    C4-N1-C5-C7       -1.175     3.232     2.057  
    C4-N1-C5-C11     -177.166  -176.469   -0.697  
    C4-N1-C9-C17      98.280    95.763    -2.517  
    C4-N1-C9-H25     -137.831  -140.025    2.194  
    C4-N1-C9-H26      -23.185   -29.664    6.479  
    C4-C6-C8-C7        7.177     2.524    -4.653  
    C4-C6-C8-C14     -178.994  -177.418   -1.576  
   C4-C6-C12-C16      178.960   178.076   -0.884  
   C4-C6-C12-H28      -3.869    -0.347    -3.522  
   C4-C10-C20-C22    -177.878  -178.096    0.218  
   C4-C10-C20-H36      0.955     1.613     0.658  
   C4-C10-C21-C23     178.132   178.088   -0.044  
   C4-C10-C21-H37     -1.997    -1.712    -0.285  
    C5-N1-C4-C6       -0.036    -3.088     3.052  
    C5-N1-C4-C10      178.871   174.376   -4.495  
    C5-N1-C9-C17      -81.327   -82.358    1.031  
    C5-N1-C9-H25      42.563    41.855    -0.708  
    C5-N1-C9-H26      157.209   152.216   -4.993  
    C5-C7-C8-C6       -8.469    -2.392    -6.077  
    C5-C7-C8-C14      178.133   177.547   -0.586  
   C5-C7-C13-C18       4.213     0.089    -4.124  
   C5-C7-C13-H29      179.998   179.176   -0.822  
   N2-C15-C11-C5     -177.577  -179.220    1.643  
   C5-C11-C15-C18     -4.180    -0.739    -3.441  
    C6-C4-N1-C9      -179.626   178.670   -0.956  
    C9-N1-C4-C10      -0.719    -3.866     3.147  
    C7-C5-N1-C9       178.417  -178.549    0.132  
    C9-N1-C5-C11       2.425     1.750    -0.675  
   N2-C15-C11-H27      4.647    -1.488    -3.159  
   N2-C15-C18-C13     177.394   179.025    1.631  
   N2-C15-C18-H34     -5.176    -0.521    -4.655  
   C7-C5-C11-C15       4.653     0.634    -4.019  
   C7-C13-C18-C15     -4.004    -0.192    -3.812  
  C15-C18-C13-H29    -179.848  -179.347   -0.501  
   C11-C15-N2-H40    -161.787  -166.828    5.041  
   C18-C15-N2-H40     24.878    14.683    -10.195 
   C11-C15-N2-H41     -24.126   -26.563    2.437  
   C18-C15-N2-H41     162.539   154.948   -7.591  
   N3-C16-C12-C6     -177.816  -179.058    1.242  
   N3-C16-C12-H28      5.013    -0.558    -4.455  
   N3-C16-C19-C14     178.083   179.934    1.851  
   N3-C16-C19-H35     -4.330     0.320    -4.010  
   C8-C6-C12-C16       3.685    -2.011    -1.674  
   C8-C14-C19-C16     -3.883     0.232    -3.651  
  C16-C19-C14-H30    -179.981  -179.868   -0.113  
   C12-C16-N3-H42     -20.634   -23.045    2.411  
   C19-C16-N3-H42     165.143   157.529   -7.614  
   C12-C16-N3-H43    -161.988  -162.326    0.338  
   C19-C16-N3-H43     23.789    18.248    -5.541  
   C6-C4-C10-C20      88.374    89.844     1.470  
   C6-C4-C10-C21      -88.070   -85.811   -2.259  
    C6-C8-C7-C13      177.843   176.987   -0.856  
   C6-C8-C14-C19       3.779    -1.802    -1.977  
   C6-C8-C14-H30      179.781   178.306   -1.475  
   C6-C12-C16-C19     -3.539     0.370    -3.169  
    C8-C6-C4-C10      178.075  -177.081   -0.994  
   C10-C4-C6-C12       2.696     2.835     0.139  
  C10-C20-C22-C24      0.355     0.994     0.639  
  C10-C20-C22-H38    -179.951  -179.638   -0.313  
  C10-C21-C23-C24     -0.861    -0.941     0.080  
  C10-C21-C23-H39     179.615   179.653    0.038  
   C7-C5-C11-H27     -177.657  -176.840   -0.817  
    C7-C8-C6-C12     -177.509  -177.391   -0.118  
   C7-C8-C14-C19      177.260   178.257    0.997  
   C7-C8-C14-H30      -6.737    -1.634    -5.103  
   C7-C13-C18-H34     178.575   179.359    0.784  
    C8-C7-C5-C11     -178.545   179.092    0.547  
   C11-C5-C7-C13      -4.494    -0.304    -4.190  
  C11-C15-C18-C13      3.877     0.511    -3.366  
  C11-C15-C18-H34    -178.693  -179.035    0.342  
   C8-C6-C12-H28     -179.145   179.567    0.422  
   C8-C7-C13-C18      178.088  -179.299    1.211  
   C8-C7-C13-H29      -6.127    -0.212    -5.915  
   C8-C14-C19-H35     178.541   179.849    1.308  
   C12-C6-C8-C14      -3.680     2.667    -1.013  
  C12-C16-C19-C14      3.680     0.505    -3.175  
  C12-C16-C19-H35    -178.734  -179.109    0.375  
   C13-C7-C8-C14       4.445    -3.073    -1.372  
   H25-C9-C17-H31     173.756   176.990    3.234  
   H25-C9-C17-H32     55.275    57.797     2.522  
   H25-C9-C17-H33     -65.005   -62.016   -2.989  
   H26-C9-C17-H31     53.280    58.570     5.290  
   H26-C9-C17-H32     -65.201   -60.623   -4.578  
   H26-C9-C17-H33     174.519   179.565    5.046  
  C20-C10-C21-C23      1.703     2.377     0.674  
  C20-C10-C21-H37    -178.426  -177.423   -1.003  
  C20-C22-C24-C23      0.482     0.470    -0.012  
  C20-C22-C24-H44    -179.907   179.615   -0.292  
  C21-C10-C20-C22     -1.450    -2.403     0.953  
  C21-C10-C20-H36     177.383   177.306   -0.077  
  C21-C23-C24-C22     -0.227    -0.496     0.269  
  C21-C23-C24-H44    -179.838  -179.641   -0.197  
  C18-C15-C11-H27     178.044   176.993   -1.051  
  C19-C16-C12-H28     179.289   178.871   -0.418  
  H29-C13-C18-H34      2.731     0.204    -2.527  
  H30-C14-C19-H35      2.443    -0.251    -2.192  
  C22-C24-C23-H39     179.295   178.912   -0.383  
  C24-C22-C20-H36    -178.473  -178.722    0.249  
  H36-C20-C22-H38      1.221     0.646    -0.575  
  C23-C24-C22-H38    -179.211  -178.900   -0.311  
  C24-C23-C21-H37     179.268   178.863   -0.405  
  H37-C21-C23-H39     -0.256    -0.543     0.287  
  H38-C22-C24-H44      0.400     0.244    -0.156  
  H39-C23-C24-H44     -0.316    -0.232    -0.084  
